48990221
78739215
48787960
48990221
54160562
33382435
26477701
49030976
72478241
35981864
36646934
13931669
83408339
89146555
45527318
24166663
60304115
48931751
17562017
16602986
95045136
52675120
25302758
71177762
46387630
65115635
61514965
38440124
87621380
1007145
73180989
75512474
8813267
36436576
22755663
27904213
36779703
91237353
15549118
58731464
96079281
92024833
90711116
63628502
44692662
28759534
34833757
71466906
28048415
51443951
5079123
47082530
34922208
40080097
40989474
48336737
90425598
60574233
18676690
11186977
34705202
99472567
92733148
83664974
84422014
75241112
56004163
64372741
48417059
13385975
80471188
37034269
18786664
68203350
13387986
4905885
9797754
86167833
70226853
28739108
78947546
68340840
48032201
45780034
65695961
84650826
91829903
59412654
61229478
68804737
94029424
45342328
60412813
27378137
25788076
15327145
57853519
99666527
27948178
59612526
10931214
18837066
55420525
57385792
78730247
64999210
73225460
60504454
77357219
97943647
7461597
69756118
55201019
20543516
1987585
9338917
44461123
76421340
63441766
46296991
95821787
31292353
44264040
86082851
27016269
96925775
65501822
48555113
65981667
32333343
84698259
18921002
67750063
80768326
65573927
43838096
38495477
31718376
38934794
49770859
10823142
59972548
57886863
68185277
92099116
84554822
54036232
82593673
57609221
270643
72225918
31656597
12216639
48492290
52666329
47037726
95783854
95564967
7520461
12180709
93006037
54032796
55184077
46379988
80093064
34846852
91316610
43678031
68323256
27270561
57098716
71895103
41927388
43032798
4453135
58905326
77255408
20282213
98176861
8703480
62819985
18142135
72143402
58366608
93795822
31165530
2172919
40420212
665180
17863146
67144769
78293219
98155088
15064468
48259557
12137857
1897637
97856150
82687213
71905893
59489046
73174161
10924699
99722973
17244670
87677910
65240841
85886438
16148833
29818221
70384416
82815565
70966563
96514530
16789465
97069706
25723154
65208174
12474059
60858060
39536868
23524293
26472283
25877705
21364000
12126391
24414337
82146310
55085437
96504934
67361865
82205886
47926020
69788051
75697756
49061144
15578265
5338458
65650636
86022656
12452905
35262758
94844290
20716054
37857731
45509721
7652974
40330433
21154072
82868796
46682245
4381700
94646460
50092523
22381964
30800437
44235050
51910028
80877045
77374619
98413419
61094375
71126184
55903776
40160350
22767291
22650091
91288899
31203360
13443666
21312169
85685143
43478673
16986353
14170138
46823912
80455024
68561936
87210604
92729730
79378842
96890900
91822848
99249254
17005363
16318821
42123382
60697112
26504572
88412979
91019097
50658113
55381749
91122840
67181656
46127071
74405007
6269941
96682111
9420847
29589016
48766352
88549385
36275443
50234082
94813253
8137517
46378738
19102064
10352770
4800690
96257899
703704
91386081
1334499
67893758
19380159
81002072
62627486
35250499
28677793
22859494
28972123
12837044
49409092
48656584
35675804
81520127
43984710
47592423
22967174
15323953
73136134
6353158
52786101
2134270
19685014
86317574
6005285
36920005
44181205
84055471
98280517
10978367
75176133
41969605
54017545
68723360
60520848
11588754
32727346
60880730
95696750
2745180
65738288
40347263
3176436
28833319
78903526
64557649
63153550
40039698
82134378
23291475
8779048
140669
66980716
70309234
37155083
39311284
66505617
79442417
16149381
18332860
85239897
43525226
96991745
14654668
68352764
53909993
58594807
20082464
50840105
31717644
2749703
64475015
23740281
2230067
56137546
81547395
41311814
98388651
83640113
74078959
46637810
29591852
39993421
35457628
95392951
43710073
14316043
39692642
20769398
55376182
85918001
99385841
16910708
17720615
49507993
10278192
27194537
74139712
28300472
8941207
18196754
88200615
51547352
71533773
20326828
97048491
90851976
67840048
59378038
34262220
57432631
32914824
26086789
50661916
18226527
66681623
95577745
69467961
63130663
66748186
49208431
22531234
42084076
98407014
31684121
40751835
55218824
31706556
8802566
22498732
86549507
9644126
79024327
96588732
66916019
58562064
70280828
87745473
43476608
71400466
12304982
23702544
77131973
69159511
29194715
63433842
70678953
38331585
43290182
7361890
67382202
25287067
74087754
96861243
48053576
80411580
82553892
31153444
31817064
70383210
32853027
6907259
20871441
22912169
1751399
95429847
23480746
56686572
1426228
57047235
4431278
96978847
13803157
2618156
27416388
67061232
80580224
50398610
39961351
49728448
34676328
54402407
38610776
63071695
54487827
42382708
71463839
7431123
53712179
18857785
1803907
73292071
12008471
27566598
18712871
51531051
55066777
36921028
71829812
29289569
31035671
45610647
91093609
17428215
25288564
40339696
66716188
14930914
44287860
40666547
24100758
21505014
97443329
50548855
73277124
62255843
74543757
42457834
8456740
5671232
22835113
26945322
38129068
2099145
42271531
94385678
98136477
28893092
29361891
99824082
94081774
54072743
6500678
46134149
59440576
78858878
40657201
81896727
72984516
77468701
23166039
50913757
2431556
21143778
42311541
30899036
82312511
56795526
97708674
48967112
83327881
56351700
47165146
67191580
83299136
67066178
20998183
31583354
47144855
97788403
77605465
52013489
7030622
68353013
38590816
8283076
91017980
75947621
72532148
78145285
62671957
22873024
88786345
20781790
60048345
96243552
62323366
690953
52310789
8890146
68686249
97185149
26180804
23659485
35193230
15438333
4168146
49917987
76577361
44703540
95037523
58632994
52263091
91494798
91687542
11869682
43199141
38164389
89336656
2780693
82240917
15244507
79691150
94005729
43391636
37914943
12740661
2782729
26559226
40513207
14174997
33631170
83873363
10994370
93247212
85332967
23771942
86265030
58244758
68417261
20995462
15885802
83559629
8470665
51268902
73879375
86498354
30762516
79983144
86230401
91087972
30307966
76901905
88172130
6882348
66734437
41913256
35541660
30534070
12913932
95016129
54637734
79750748
3761247
74545436
74151969
75151488
17970410
39124221
52533957
69870964
23545039
62313545
26988350
84688329
58451760
17180519
32481025
48476326
93974684
16770406
238643
88001773
76142050
32322352
70224417
16586289
21025427
90470385
37026864
55321147
70059005
87746857
34950221
68248952
22992537
7488102
39935366
646405
31997194
18191903
15891734
39872376
98910769
64874377
55756829
17406201
86185914
19628664
38553506
60176620
87892127
60937772
65872059
65250546
83382378
93571622
17972386
5615995
36571651
57025429
96698346
45936335
25788101
98957834
73501217
59050820
83184289
9391836
98686375
66460768
37702658
66888015
76882172
77607734
77530214
65999098
69031988
50884921
53342959
80722913
81658179
9526300
17150305
2337219
21635307
54895958
27687954
76428783
1796478
13518236
55755515
85515790
67268061
81669851
71993503
6881063
24558133
59517022
14321094
58282770
98518649
89448422
79763970
76282595
77032098
98942374
73724788
74673354
18322005
13077505
94615912
47741492
27875933
93021903
24705707
98620069
77351403
9002556
86696196
12733422
92170024
32344634
68064082
40833682
80796420
87414091
75019631
51666445
81671340
24470989
68464854
10073489
27712499
55941174
89673676
92286795
55532390
54959081
90723966
99955196
51034171
40780259
81805017
61906768
59505758
11903775
44556247
32266977
96863244
72762800
15335350
24108214
93813013
72455685
73633336
59402461
281478
40924715
61656069
97488225
16786817
46247549
17377560
96464117
21465586
53530911
70476663
1212552
86719148
82107604
48313706
42844853
64109440
1910994
80187313
44718405
26658594
64604706
65275091
80158700
66376754
72412465
99923860
12806587
36114198
33222176
96272957
79232590
98978611
3548863
44072491
25985350
16889859
64787874
25213739
27346511
86123750
30596433
66618969
79919995
19082466
72980526
62842657
19715525
73729672
85303477
50879214
6623378
70011951
34669673
55851571
54462413
70195194
8155550
79121857
89227714
65484291
7051269
78751867
65044385
96831304
858942
73537305
81243126
62494098
97765882
18349901
24700616
81055699
98738265
85412835
64989966
14455990
75068059
14367660
44091660
28556276
70042962
26945421
70300856
2378415
75274556
89049615
27842798
82408135
81119028
35155597
29241715
70005364
34350701
94747890
21940357
53548816
24263102
60422482
93827561
4948787
10594092
84662149
49472579
84517079
31213914
53621734
63878135
74003417
14630105
93689483
21148311
21548389
98586094
24283503
39087911
68502866
52401570
90541825
74229620
58894953
41617623
18920562
44905843
62347183
8939981
84743002
12832187
86043192
51345652
35066950
41786082
36935823
26944046
82355425
1212925
88998153
68732491
74407922
30915288
97845209
89655665
98803769
23086120
91480769
940261
98705018
73052123
40045286
31091982
67151025
38065990
79530680
51634373
87748333
76821132
94703910
81073128
66499955
97566194
90557678
20697202
30599100
91579205
9585079
76676442
16282283
27859993
96873075
59442057
70853338
61414035
87752578
37122644
63706685
59213524
57073279
64885850
86952041
31584515
86479202
29148051
78625993
324160
2594635
83956179
18286204
63320450
19683870
8657414
56185444
99796347
93114848
19137455
56244114
87056402
98492213
79610537
56708903
66694294
13973261
36908863
75806209
76380686
69557544
32928945
59965354
83921648
21792441
83797695
7030593
75682926
32457369
57414627
21502523
50568929
32641135
97660030
59306934
88563150
89478117
2110207
16909537
29216294
25700606
884640
8864180
26541201
67972862
81011070
4195826
41157360
53444777
97330487
66796825
52248285
22653413
4765590
53387543
69508125
31942086
72237042
19400559
61001182
3112073
43235325
87048181
46153173
6300958
93092245
48781758
90652829
6463521
95640540
32053240
29766582
71412273
48340505
90173711
63275280
91919978
64067410
69994485
83790192
68761203
82871218
36383846
47073673
27849809
74266439
10908769
53653194
67405071
77374337
54778503
23536079
61279930
46905909
9985859
32188996
41547252
83031391
70290780
47224511
54039624
94831168
49790382
31041559
31548886
7695603
95145817
55902593
12009339
13216098
56722577
67222954
47093656
99155118
82880143
36681800
31139931
95109473
40290842
76547364
82261710
63312371
72211262
35764554
16128811
25560870
10028844
83080596
77591264
12540306
74483768
30091009
57082979
31287068
28026217
15205206
66856107
80377963
37933457
47325883
41679268
29089478
91008958
34028648
94714478
55709781
68902013
39420811
75260199
68952084
75105436
66074882
98273677
27639628
47085818
4054203
72122249
99205092
85125989
8417346
53338316
63580849
58185478
44301596
63537934
17573285
48010670
19886593
39388861
10058680
83726533
37873371
3300687
56999659
12898572
29957985
41592479
2302302
44236089
52173017
55572527
79048916
2838435
45841225
3853064
44567168
85483320
31551110
63447668
58019845
58272369
62056203
7268728
67921020
36955939
947736
45061387
74805352
65998093
437546
29655133
6151083
14058523
2116455
31152145
95456716
15437848
26345986
36379804
2288700
69725262
64958454
45703236
89165761
77976826
67322797
97364527
63503944
60887119
80806576
3965251
55907241
55075750
42245194
5793105
67825362
95582227
58599457
62474810
97899448
10138255
88670289
65158419
5626467
66311562
92836252
35224796
99798003
82690482
54585846
72299204
63297469
33744744
69652691
41862160
52193479
20145533
89286057
52353886
36619237
72813586
1265488
69489241
94402018
70734858
7016483
85183936
4856357
44086774
4179745
80030795
54123762
15411154
86182730
59479908
99239298
42550957
18342384
18900542
48760502
12885277
60335895
30672418
55613140
56991580
52541954
72160919
56941064
87776348
99396914
71116955
14779310
21832938
70928664
73475494
94380080
47967726
47507704
17205848
69908319
83379462
49504781
94442407
43864738
97356456
78734329
32351212
34603867
31539563
80128202
10022837
61611453
25335189
81699193
62582423
43832993
89135196
37771605
52136290
1528810
8666617
82888922
41242261
85157566
84603326
9222997
3533992
63308986
19353146
26713321
94053536
87476711
41960278
54874208
58679359
48654000
26326187
96557066
34505139
90655151
96956006
32765630
31289350
56081826
8720967
16117974
38352708
97213622
37407538
84313505
77984300
3549398
45467373
38186777
97232853
58704078
26848496
18923471
49857736
17157773
2297414
28658159
42881120
75235270
70021547
16012362
93388837
5984744
37908655
41178143
51421005
88825333
18387321
81311167
47610837
8108505
98929161
97339356
86416254
97023556
53108556
28601195
40759130
9046318
71110365
7516857
98377065
56485324
86955460
38811006
66076077
98109629
76178485
66627962
16481176
82688287
78795447
16181507
941036
47456506
73154947
88953353
6125609
14765438
49660030
68974935
91764976
16904299
35344798
89591021
82202773
38749865
67392279
49642523
89832105
41848742
63340427
42318292
90553142
18804415
87898876
17762148
88109388
11502526
22232145
61159028
19248337
97411731
51880148
17592350
66747522
24468752
55438150
57126011
41718166
71194223
37437778
56890219
85150755
17284016
20784458
80045853
21642730
27764245
12652889
32816126
17330459
42030788
62053046
25400444
40435549
52992339
96386231
34400512
70665730
34753879
7534599
71697199
32360255
19780216
20467249
28976670
35158528
30560879
76868984
31929491
31972357
16192688
32133736
79150410
21053870
32389601
1862769
6082574
69417521
81798928
98956866
18390238
17724072
98920798
79842270
82400201
50257380
12192002
40724122
70784923
92650689
99164207
40707435
98674257
95144097
13721170
49026831
61816331
14018413
14469761
73510560
45576523
37213213
95854721
86016541
20246888
98125256
33909805
73361660
40029162
71325795
30839867
15400610
72160885
18913992
76082388
81853069
26050201
59820795
78589857
10451177
87036049
74671667
83673819
62774250
8741228
88736573
93988728
16683450
81873131
75181820
40712362
3130562
74644206
65026844
49303500
22371135
36673451
6111912
17669504
2520801
1158299
80405399
27798265
25002405
933969
40888442
29184354
9685483
75022823
83791864
50797755
76012701
40322198
1203890
73373828
5584027
54021248
16310032
43386647
29419863
75523935
59673763
24166493
69250191
76322916
99646121
177755
26943930
29262400
90072296
2028938
22144697
68665141
45228301
45542629
48629909
86368821
21887953
69690446
74107601
9129966
62425448
47512065
76911105
28642665
65440418
7899772
98774615
72788230
72788166
35245196
90055251
28503417
12746591
2404492
10911074
18135240
6184223
86041223
75748122
90413796
53844460
1965718
88194423
3601276
59235018
27814410
87101758
53730047
44072665
18355129
52704368
4646213
63865830
73716712
32110432
86769702
44888091
19343168
44220342
57514841
13507208
83334796
16542957
94796312
45452340
40779220
77163420
67157626
86221309
75208124
16540768
54039125
75339870
76551408
53999203
8813492
17010137
16629601
94353138
79300154
82327078
34006551
32877300
82535562
18679579
18264982
7009185
16380239
47308805
70925949
70002537
75478694
93876904
59878869
67258998
83129106
25140466
4865057
58343670
41485690
16262433
86114247
47234208
699062
10894720
793911
61403149
97401266
59140800
43077027
61052827
90588618
41641093
32947228
32659392
91350435
12910718
21044337
65603502
86511258
39112652
25963878
22136129
1203817
34458188
23032610
66831836
62985434
2117765
90407863
61433345
95440298
79511304
23203015
11206292
30688350
21404449
2911800
12004890
40132743
17177502
44451370
90238579
49983297
19359656
11583844
21056343
94709394
24461161
81909061
33971735
8611745
83451921
65918343
77787181
14805356
75476969
30960353
788134
95504018
30370935
64505661
78848184
11428075
14652573
4341712
47709993
51722943
61960844
81469378
66662834
5348080
40252980
13229325
94623478
37861915
6306415
9151940
9609378
98146748
5240594
22420368
49566725
37206531
2928151
26429094
93437878
1658198
29700084
17103581
92863601
29453021
25616442
44670778
27120941
12884856
42418194
95847162
61354351
84429522
1326540
38101753
12193661
59481953
3253585
93444830
68425146
20005016
81384376
54837601
48886956
68270663
23138545
76903513
88207639
5882956
17294165
94725225
84375083
430538
19437884
16953219
51656491
52321328
45895093
27304979
13128770
48489130
40483990
81038318
81263702
15858354
9383974
76110874
80020977
27186528
6601901
43625727
93554193
36045609
29045939
84011659
93282693
46128431
71130742
93896236
52062210
41263820
58623963
69691041
57889757
66407062
89126191
57475100
28654339
33315653
52931053
43689843
57574575
72798064
57851061
43488755
22188005
3917209
36404185
31207252
13839485
32628598
73139522
80088497
50152956
72482048
9090842
13251835
96670505
89095010
96677731
78995917
18740750
27280862
76168246
72181418
31717254
83709934
7471091
61080269
4580193
17127212
69617731
14433762
98946302
96859576
52331513
29903963
17957841
80144973
20386205
70972791
71498444
25875559
68128482
13381395
40410076
60301850
98735106
95650429
76490483
49489835
6788404
66902539
23600751
75712863
63923995
18523327
54374196
95306916
66433069
51004682
22926963
51659872
69473040
61436374
15666127
89402524
77231800
32703130
80309442
66219320
71706948
42647736
9841773
36414517
78307611
73194219
59229956
56915673
65732761
14339770
70843150
22156484
37681459
64276969
33197278
68537490
82578160
66756377
89108772
46848418
81664016
59507527
43023671
20763740
31669986
72701309
60282295
74783213
32699149
7314312
7220057
6859219
77185616
62754100
48242737
78793598
52270593
51774880
36837510
85808396
12295575
52558615
683207
10615379
70444818
7725569
44164059
92490906
49831019
12711843
32862734
83617790
33479486
69457581
49905426
18698881
28088511
50395249
58419267
22934844
78268473
60044114
1015500
49279807
50965619
29375227
1394758
6480101
18326535
80034016
51538114
53702077
74340637
67602105
79684744
49223817
85199754
17985505
95013690
49096711
55162763
26518687
6310103
62946092
82545058
26894405
85401324
85297468
98596036
25069026
39439128
74430794
68186073
6661677
39170788
11027209
33800580
50312266
81700027
24173753
29663332
15205220
45937312
21951108
72015916
15123422
45236336
82029360
11518284
77541017
89916327
45243279
49376129
87319181
90120601
12877817
6207129
69294436
30840050
54885547
6372533
18634542
37653236
30242431
83873283
32242843
78818193
45424901
82153277
94575790
74613292
96264478
99962564
94078468
51321644
12238471
57574868
79374114
5324117
86266614
1399467
81722081
99524905
31479972
31318068
94565712
2129204
28744718
18510644
13506022
23069873
86890408
32201942
63557889
3940534
28022634
8628503
87830408
19599864
23677276
28209689
76395865
89707320
46381298
51831794
21623608
12951965
60386318
37857685
97550940
81472209
58599707
13415806
26312017
4005532
98841770
53604167
19587567
76371933
90406626
19897533
50358359
69667053
30328017
43374723
5149152
6557243
8882320
96090661
87903273
39958541
18428977
9772674
14702225
31022804
54886459
21001421
21345753
21138646
61449034
38333258
41017837
66043026
80262327
44957293
12823720
70183168
65944841
75050912
1456468
49436589
74358984
37535782
59946850
45181352
96891392
55664551
85202272
43207195
11430414
81895525
76057911
73264773
47188067
96814789
75186160
50541302
42739584
70534567
11404928
83935981
20301794
44144053
72009575
27536112
66698888
22221408
44994460
26035452
50099559
50727740
38600210
76101310
22153547
9022878
93020495
95025527
80534336
60765715
37773146
70087078
10953531
78410070
28192920
68537618
30330618
35302659
48234551
86047935
29762505
27736304
57286949
12968563
64501417
12626905
39119313
96325060
62357652
70287738
78548001
58820199
45555045
61908310
36288937
8209620
37330723
29177558
5299521
45019581
47239041
31649629
41080525
40851191
15892662
9458081
16000736
60374947
89131120
8106451
60371868
62808408
58197732
81256459
15195731
89739883
6262991
57799069
44565581
96703959
2383405
9258030
7998824
1929116
32957414
47660996
62686223
91143323
20794844
5932746
70437735
92950062
35963118
25624787
25679413
78247246
51281703
70724093
67751009
29037550
59074919
48367305
58062356
49032802
45229048
69919940
42651434
83565366
57170857
87616809
29050686
94594148
77799135
77625035
19229771
19450483
83797667
66635648
57328879
69408256
6693103
47161386
5919127
8076267
58401722
11571664
95223992
80768944
41874138
1795263
40399122
42766857
23412182
91090056
24258219
75687278
18916032
83714308
42518967
16800851
26060664
44304324
45280364
5863345
39416314
5259447
3932146
86734376
20769225
92199159
69599478
71009256
44561589
8125303
27984620
10880986
22524182
42894617
74067055
26109785
24839994
47629416
58811114
92100608
27890529
90400305
22727568
64682083
36308810
12311469
58709786
52499461
33424094
99003007
19695444
29481142
92046291
66147447
7595387
70573545
18246180
53091
15518069
99094126
91441311
17638769
39556153
51237246
62226301
43857150
59586745
1340340
62813690
34564709
29824122
73290666
52966444
28315525
75957084
46915363
71205413
16312860
79138521
53974299
50359889
34030489
13621711
64947090
80332819
49578739
92927400
68171158
27654254
92297983
15576619
27107104
17842598
18082633
99073457
48693283
30820510
87211417
98065774
45541695
43520878
26368955
70383889
15537998
94651787
66032713
57978365
41822401
42970199
48173445
56696242
1640330
82059493
90696969
76338374
887181
17329548
73908073
74749567
72994538
33277479
10169183
93646164
85207059
49606124
64591324
28360373
55185954
12197838
48056088
53902398
1716398
65537883
14165789
21722921
37733989
12454513
75681313
88529124
8452572
59821777
44835257
71558968
93430187
47652711
33354541
69744093
84985795
3243188
98048998
31460590
65731966
10991524
30478095
81307071
11707089
97544305
4838620
3818595
90549801
66505375
57710049
49744931
5400358
38598752
21258656
32771420
56914770
70751517
50719185
89689026
27482880
78696768
99254243
26079779
94710198
21775263
87418998
2843248
92172756
67469266
39915527
53401592
35420509
39622589
25812882
84736204
43914519
6268056
20408038
34134226
93388587
37492405
31536875
43066959
14363039
76117831
79512276
3069365
3650519
61032504
85545162
1962283
95988800
84391381
31671839
75827530
20143766
35493417
84795650
60423482
42532899
19982251
3054765
19240677
92503402
95514084
31000487
80520241
38239513
31888791
69677823
73643319
97587024
12507157
79356003
65736976
11669796
68920684
51800419
82860694
63658773
53211140
37751165
60274701
1931118
82383671
89716484
1547064
51897792
97203916
79404994
58644540
75935621
47522582
93690125
30479763
50285627
97239926
3150289
50950353
3284448
1208812
64490540
23208220
74274827
70292964
26263538
59153466
16804575
67619396
48103630
61208692
93703020
23818138
1256618
30271571
4461542
81514055
38720270
550540
12677064
42060664
37723710
81380651
80688387
36518231
49997364
16249979
59147700
87909643
27845384
52608038
5161878
66391255
65516233
19811227
99625532
61758772
31832136
46182819
31279283
85754036
48408066
78726964
12420400
93604567
38072902
92724244
45864987
6562716
90063554
13188503
90122319
94521644
53381426
2076154
59321917
85549417
47932961
54547979
60714857
37805800
25713643
78515874
67587973
69865832
52060873
24753213
21853072
59046001
71818364
173844
48295662
57915984
61013644
39788847
94199502
32195040
94573918
95542029
88361285
57893270
53210556
26834539
81422795
12008411
31733019
76299244
43846307
21864539
64095018
59817517
62728865
5264117
23726577
51103898
88776046
17518380
91473807
90837826
23182239
26351244
43634034
96110401
42889141
53362465
25942261
45395871
9155358
98677320
98444534
60479779
92284781
67718170
58140585
20021963
55598451
32313286
18357097
53316640
41792557
855551
61638867
56447053
34492556
50725415
59269670
45471708
8736454
89807564
73477629
74382613
47629743
19779645
68225668
71248497
27349094
46095055
68389530
10483750
94234362
48465568
1012820
27977636
97809061
19266492
82311321
35926541
748628
65550982
57207789
5739047
21942241
88983605
96220924
22186233
55455628
55790617
25821760
54331997
94233344
5369841
95914614
53457193
61784826
52442402
11895025
86403492
65430848
66692397
92970429
54081497
5941050
95274775
62667672
37640907
40869041
82226167
11672850
54274621
38867592
37257715
88598774
18643803
35698265
49002314
8395960
62337135
27093384
25941152
47888475
55254503
95200133
31686785
84146052
59393180
48920729
31207831
27013498
67135389
83702554
55857204
87150305
61621293
74585032
28236572
72461942
52502208
28600197
34031326
27087954
49385612
7922329
20759038
53376181
5429204
193482
67549295
49645493
21823142
9486369
2367713
59865433
94443481
73822482
73445884
82994006
61709320
12572460
65872527
12761040
85658315
27466198
61785221
50241617
58707505
79778133
92271348
23380161
22203146
7243407
52466710
31761405
51513449
69192581
37433784
47068233
37135928
71773023
13795134
19651885
17247965
76230810
95477057
72742540
30832910
21265182
73474380
2384323
346478
84137652
25896127
67785909
36564918
13425050
84567042
29109021
39149403
55433376
82257845
12419894
3507098
17642941
7213392
89830754
56160205
69580338
7116761
7974740
96572768
78932764
22711003
70177903
1583177
61236085
94803302
18033865
1029227
9683707
71082727
25107597
70814243
20873090
37739561
65383576
91054346
73539029
27016723
52013128
11898313
5352814
91598105
38382476
15412696
77920037
61398118
6680694
54383540
90155762
78793986
20873774
3376411
55716403
6203359
50405681
57923902
16117206
97123125
93270376
55077989
13149336
85961037
78363731
79145179
43071596
88903478
2554506
44640333
7960943
95845944
91471553
99866662
40156417
12177962
85402722
77888691
61072152
5610231
5769248
26677444
79856390
25404653
88520901
61127045
89275665
94167227
14816548
49624725
65729939
11502621
31311451
30600273
86518247
28820863
44065295
21972811
74878179
76420405
36418689
5123562
89652725
1759552
28259762
89366825
37954220
88014774
64492930
46378209
31059677
75085425
84681836
60687107
12157182
3559488
54343540
69793333
10068155
27152024
5483762
24660592
24977529
3305769
85538004
35400683
7423217
36881066
41572822
17788232
95417042
50169305
2799957
10524661
69776042
17907005
84028688
33548816
96290474
87054794
55684133
52343092
86362264
39997771
84301846
30624175
66333916
73229245
64265402
18708731
21330365
24969472
7542003
33380561
40346719
53187200
64156571
97274730
77993163
40413943
94926635
36652133
74050248
93437624
76803965
99854860
68540341
8251825
13324875
87607167
75228953
45543710
96522787
58948362
87813347
75390633
24716199
88253666
21287154
12280342
43300798
54246377
5266140
90148918
34757121
99668255
68074775
99651535
98454292
2418482
46502525
56364487
17364725
54732873
85172956
491968
30970306
86267501
81586781
37594919
4654463
6213002
35467664
33019769
57723195
56307367
81065998
84650200
6606579
27945704
49531545
30554323
37662640
61324247
35754950
29013449
33285132
33695844
65623982
58608620
93352006
66874144
16825711
86283176
23360512
70290402
63078798
68942637
75719771
32055975
77442721
92637389
77729903
98374507
50013264
19284847
30409014
43336845
29023628
19535006
96809298
7030306
19154677
30631904
66770849
31121118
28928907
27070322
62069112
58102086
57935328
58954031
73544308
43317726
84088921
59023668
58499918
44604819
91551554
75329701
65498954
39863848
70232825
97924735
38599302
36127659
67031450
70965448
53134889
51223418
4186368
589257
4408335
7954515
86341628
42764301
7022269
54641747
1451582
46186280
37949658
71342201
55862991
96661422
53761195
94438714
58286666
21081855
66229987
23213787
54410840
1054080
80878702
87644197
31703084
14139146
38670171
2417328
32156100
18484025
13757924
95020365
4183815
9898720
94073639
77335061
15555752
47822780
64908337
3464351
2895923
89047693
96616507
10679853
93924535
96883834
11382306
32556494
89189036
34444438
19268543
11211674
3780271
18700995
97644554
41890033
63237156
2004418
54760577
22393067
90438286
85076475
91545424
62222906
49666882
28490277
13326765
8758371
85160206
22387432
13216516
10657990
22650218
59109243
30149804
44232674
36862151
47190574
32322006
53118284
41760237
32446283
92342207
87842838
97824990
71925528
60429523
29519717
8158704
12373951
32495788
18719808
22483900
4153801
41217605
83411618
89688937
20973599
89280667
10674807
98947429
10531043
35936829
91985114
86416690
24131811
40979725
77651543
1664813
8338938
22608508
36557703
14587774
95160538
87556948
35848704
99230841
44450650
48022305
30059793
88047705
37823793
67758001
9354863
28737425
61876854
31974011
26301080
31456223
51226682
89358296
86647125
30629652
41174280
27199082
17508006
91697973
36436958
12027450
11406938
24260964
21753538
98610496
59261874
40553670
22852794
84995526
93746853
4925289
84937908
58223059
5883005
47821293
41244853
99365281
23439355
35399670
55224107
42262682
41086000
48022300
96918057
87166158
29939871
58258879
28461808
89660742
20356328
51427821
84136264
39188816
97490755
51235879
80416306
28587508
87376896
32237395
96046358
68762160
8162180
34655153
3703919
36062551
28133119
81037960
14573617
80596389
58116906
67456602
32626765
71674099
55099718
66697783
51527007
33200341
7401237
48273733
47812617
12347353
95368213
72449413
91111894
25691033
16117972
24072472
81064794
27703627
70642653
2040468
46104020
53591978
41633338
96690917
77341358
50428935
32841170
78704799
66145291
83817204
51903986
65352558
86044931
3150385
85534203
83105790
25564340
44269739
43245665
21097554
42166473
28860259
99843214
11273988
96788013
66958490
61449262
49877635
15293118
6882813
70179921
50292731
60924454
1962555
41410386
3562204
84321531
47518749
59131934
52598779
94048439
21757415
69746130
99587470
72659229
53799817
62777096
87894842
48240342
12723049
97703416
19566999
61562422
22770745
17423230
84637377
81595255
6191957
82679939
51283852
26683593
9420178
3936413
90903903
148030
59762053
94211344
20290557
61083893
51885535
55335659
75826392
51418683
60958348
90405189
43984795
25922463
490596
96320208
63468722
5823795
49872014
79394408
94143107
71540409
72678994
18641473
20722861
74019344
12784810
2669711
3912295
40190761
46093214
88116299
17602440
10372374
27692871
10859433
65648829
57506109
92783127
87874133
12358106
96939933
61454707
82174345
14308374
54051118
8300587
4309279
91038894
82944061
75986111
65606733
8388679
88449648
81421257
46782413
36330020
18873525
42956864
51517985
50834815
40862970
4441474
99316830
36049353
41218068
81944833
26925682
7412249
38563313
70078238
93077316
11305657
12327217
64722879
12677676
18264361
94958603
83030724
82979583
77491769
90680336
83546519
43148283
23000782
80698032
64516893
81458183
84455045
41331820
19544798
43185331
33380866
61519225
98310389
7692807
48170072
69518278
49835201
19109761
18560926
84811160
6254278
27346283
33056128
74868567
32148274
4725430
37949433
43258989
9317446
88251550
21042034
43106421
19540994
3852395
20281339
47409406
9868053
43071604
85107799
89564780
73108488
80356688
24633887
64617101
67796101
35158852
44129053
65513461
28768344
25434633
14630105
31756594
69169816
3089450
99165848
87480642
69881195
23188595
9216184
94584403
43207353
42435359
44221835
30989698
21912777
92303402
71373371
93364914
3873530
94756079
28110918
21580940
24483827
77165744
17435453
71750204
12410992
84504847
85712863
92165171
93745551
40513853
31999157
55559762
98058153
97433144
11999370
1321672
75826571
40204950
14838153
39034976
49888017
6546581
99457819
11915170
97666002
88312840
93174099
55056780
51357947
17928983
7548603
65626938
77661448
72235713
99993473
3018155
72725263
7653435
47746624
4271686
56751380
81815019
2401998
24762510
88807068
18265222
17526327
47779565
31339025
3446342
96589442
86165513
61101302
76319188
26488484
14474649
31498327
99790519
35634827
52541472
93243887
91623884
22111406
8122501
9662726
96111047
42800980
60515642
53165119
8431637
6676191
26116863
37360036
22950090
36697700
50028263
64220565
96778688
84887725
62396594
16270833
17049331
72551211
7204276
5175002
28945259
39954413
73104722
82760048
70282934
12693741
49598466
2862672
97812944
10235713
32178696
17537097
68928346
52980483
55121013
40866534
34134706
12261767
47702409
52077732
63907532
76932786
9215956
49116655
39670682
124252
1781122
8092559
96578823
70146790
82998377
17230454
84352483
41315598
43803391
90345132
68165889
91201920
17065792
64797775
5761653
74527908
22463030
38244270
8311227
74880704
90034726
4222110
61956065
82930961
58597265
86591978
25017440
86980942
95219807
90511259
42549901
93349056
43710207
21935757
13489788
52001853
52595175
76023253
13820962
6885515
14320207
91027234
64524989
26313079
11126947
2964310
11121487
5272031
74967869
34451507
14546391
72246119
68800320
22692646
38966916
9392247
77027285
66272299
94132895
74076865
55449995
52071007
56672174
57603580
73159786
81109474
91925425
50894768
98135227
72848317
24501806
33389387
9202343
13562457
92102371
40389998
5387502
22750441
43556205
88223513
43954849
82971528
76665250
8212578
59316674
90338330
69287166
49119736
56795410
53232960
98677526
64180956
80738217
98294646
71073085
88747116
53447459
7752519
88185602
69051507
74202512
45366948
46857091
84956763
51120640
12016466
92013638
156747
74675420
67442978
46514229
79981733
60957648
15897827
53247693
13359457
59023633
98931256
25099780
71492168
46559153
41033454
28449014
45611957
17797590
19763558
32403436
84164878
61103500
49592247
65233877
11502763
95964959
67570606
11980763
66238952
66186954
71004208
72797830
41564445
29450161
83758306
55155814
56773409
1425518
2285451
47041934
79211160
4535290
89530493
68663910
71684276
8433962
8660694
84060774
66893689
3688412
8683797
54835731
75646726
67167042
92583507
15921895
40658148
47183885
88270854
6281573
95221686
2773891
62977914
53989770
8067646
55936313
9817820
13873800
73558610
55394554
35107033
33656340
48355835
95740614
6500644
81355538
67449825
10706916
61325194
70332446
79948102
59092628
93713709
32897176
35697840
68106062
64771334
62392289
40665129
46765035
60277611
16675195
79670816
67071393
18645707
58098400
75163966
30389870
25199005
26077560
65521367
16952667
60756517
37292968
59762386
48762592
97130
87724621
82072796
64105243
81419511
68381260
89144523
61047015
76940783
94944318
35994808
39087114
58152218
97279072
2714936
57935946
66088679
90591333
63916074
95402213
18055420
15459060
99429833
69080464
28173125
97750854
56092956
31520153
14925193
77441724
2888201
77507424
32407123
12893566
71599034
71859091
49555188
30110913
14946425
40809905
13331334
38223650
62314854
38948018
94929338
98331814
14030089
6575903
14480889
89469275
9897134
1161289
81979427
52089611
22039895
52087178
15737612
64557934
55116844
67544585
64301830
30464425
73285225
74196139
6207359
45556685
65035758
96770109
45050837
27268692
63392061
57686834
3515019
93170469
63365188
30319845
81209017
47384261
45649358
40148120
98923193
71076192
54415247
61968870
54468674
59047252
13589289
53761842
3468282
90118973
92178476
55393451
52454696
99910878
82643791
41777578
13319177
93988093
8633019
45236681
41327334
74606187
61486271
36720138
53090432
13316535
72978033
70016052
74332019
96673238
3046468
92349590
74131099
43953420
41565724
53796965
33787080
58421484
75620102
33188200
1710469
84245962
63309126
20274177
50343490
80876964
61185989
60761663
84590445
18139736
74135903
2944226
45466980
13182572
22274940
13592174
19674136
80026565
63977269
70718560
16185858
55227018
3356262
56193197
85185472
38606658
11020083
45424426
39259875
16384008
42165018
43169166
98041331
38597869
50667895
99798907
59708379
54760717
44814901
72969654
56293432
45925919
69311822
52008264
38869528
52203004
50218670
17777850
43638190
70283424
27084977
16931603
18040242
56644136
88483182
17227475
45279094
66848408
60229340
78329682
34283256
45636700
85294615
27543054
7467276
22470670
16963481
46899061
44119467
46776539
80175897
8661921
55750326
96990387
97526509
58904833
94784445
2577965
98746860
19569322
78736245
98500645
39719752
75848679
79827981
19892993
39770670
42451479
30208984
88084134
80010275
89393386
11838331
55718713
43435251
51902835
28510590
52879408
32834382
18032669
41902721
50289437
4883645
65095295
53624345
69642503
9568720
41542348
83413656
61271931
57756493
82433877
68226050
87551291
16076998
86645341
66102664
47346187
22323500
25071072
22195914
48467719
96645137
22654827
56962542
79338149
70074604
62725232
47600035
63155156
96493246
76943440
96684643
17876411
61581102
12249990
526327
3599203
2851010
15235712
36246543
52558207
35737854
30857784
88532709
81905573
49786726
52887036
73772397
87346635
32929291
24656483
14996734
95169877
21892832
12941526
74733169
40579592
35547787
36064033
15396560
94126493
97830536
97816907
91258381
13013305
59134630
41850183
99198889
32588216
86930423
29135103
26160524
78259786
22280725
1469015
33461599
21407763
87585204
50786368
46035898
61815159
22824201
36326980
71412990
28961904
49625700
34700696
43721512
27528386
58445653
10235748
50317490
25208757
11205611
62377771
92571180
40444756
16146202
21259206
11973619
52616067
23869891
94899014
12173876
305568
30013171
74369716
11637376
45256135
70984850
45853348
82884741
20674056
58328991
162799
49768959
81854578
57052603
13354496
67761887
28592071
67264739
79724313
98908598
24880243
99977114
8622000
90018559
11569356
54012196
67727342
84918463
71077475
97218913
68608462
39450850
21121954
17043977
48358612
86604983
27385877
8406085
69800601
17188734
12379568
96675262
45696468
14069493
85948938
63305560
7958476
28419911
31310141
99797629
7949158
60420697
26708767
89704420
30795978
61886372
10287175
11550648
80952820
6234274
20188331
71434396
96145063
30416358
18849856
71244881
30609509
34615929
80062006
95512788
80161630
30545109
19863434
39542580
3580693
3207759
64926453
78066735
35931184
66495647
30505463
2170227
89440020
1775919
84687152
29877931
63189985
12094377
75417333
78236235
96258997
50999924
19696751
52383487
68676201
66564589
27455571
35523077
13456276
18947068
69695694
2077001
28485035
29283547
50587612
64100163
1280631
30813084
45099797
82106601
44685874
20001883
76822918
89813829
45705918
15011474
81570702
93388081
61923725
13031832
62429524
84828524
891784
92203619
76489188
46214119
35202693
48418335
92421433
72975303
64815532
51238186
18435574
78562276
52164332
45403960
14070258
50555072
68793309
1405885
97618368
96186805
61072761
69047079
82525682
15315535
70824101
51988102
99125394
51972699
12452046
43572532
9078972
30807938
71445643
77595356
66070149
82700421
2718422
49100478
24507764
25853717
23060384
81735606
90901935
50300320
19906572
63995099
94506184
57464215
38149702
68717972
84540141
97120327
36882394
86452477
25468072
36838397
10878896
87428040
5825898
70742182
38193998
83849382
51072397
31826794
86617100
20413896
64865294
24033650
71884299
86059920
17056695
61256783
43621252
94262111
15344580
47469171
39312866
75902722
16623014
19647441
37012508
8619278
57658050
47911834
61571961
75930513
12508028
33688422
85823520
69236829
33713844
50507705
79063071
52748534
80858224
6978849
37747821
62495111
44296152
48331648
69442417
98395206
51870677
67646763
28889600
69149867
3283249
14029212
61201223
74704515
7899584
75768225
85160995
15269830
46964699
58320531
66039923
44740215
85034251
65900278
71553466
10036146
76051621
79004145
37985425
31309604
77634954
68876470
54276645
45527116
84365405
25145064
17994078
78213019
26405068
88169603
8936091
26333781
34770191
38602214
11990465
38357235
73014471
99710633
9148983
96162272
19955597
30173224
18793026
43061221
10866895
25710310
49263359
88325892
93031507
82382868
90965304
65903896
36632884
90412832
22476536
96917583
1895544
51223419
79822518
33400393
19383784
41310334
16381543
8131519
55632504
6335467
79957703
69134419
33756985
2087246
57096418
9453935
57854045
42226730
16009519
66716670
96710806
36605370
85537987
51408362
55866549
70351048
76453590
15746812
70602671
39646959
16242098
69736874
52467633
49614254
88921452
22989054
21283816
85842416
94995976
82348966
17818308
92571438
23915350
48616357
94211252
53788781
93029565
31720664
43534443
72880798
84470666
92001456
10056604
62366741
59815396
28246609
44715042
84144734
81663327
32339815
4331452
95026405
73391130
97680410
98601898
95098898
33411816
74398006
67638567
27394739
326262
26624989
34669162
55627245
77214420
85355717
86139354
5805790
84447670
73663692
19982067
39353214
94638772
43039941
96344154
19322963
32429857
17250374
38846398
1694360
18164363
12235262
70354801
38975140
20034228
76809842
56070583
30746877
54938319
7375488
90531831
18543122
53342869
2420218
56114459
9558350
38207792
60570524
21962794
98349015
96705832
34758547
98688749
21611494
55840483
88034228
40929115
45761966
4018367
83515652
24002193
61821800
22192330
11890348
8253457
64301737
48415658
15377258
49114514
58667359
45560127
97292364
92659251
25594834
98998705
11580617
6489323
53007990
96867148
87268765
15980696
26692899
66904423
24359748
39453958
49157609
34018424
49621764
41458299
34351828
63478715
41512723
41887779
25002744
45009044
98399445
66693152
37116063
83614494
89102857
29759389
22544390
48776448
95350536
96822291
51699096
17034713
2002199
11987640
26030115
57019064
22061275
57786622
44602690
61570626
95866967
86757060
61795338
79544431
39636852
59486713
78424170
48185088
75634186
11749680
57618657
69469764
65568346
52464110
59591385
64354309
79534506
94861622
81671460
64807979
8026210
92297308
56322209
32822932
57415048
59104577
71036454
62433668
73439676
68969900
47299605
5068812
28173687
69071757
13547359
22363623
32590034
5405633
3694264
59736521
7358938
25672254
42848446
4967679
19259230
37130002
71924875
32007416
92100370
24061113
5159137
82663963
27651197
49449681
4893949
86322947
50313381
832264
82590273
56035391
32903457
18778108
50511621
47605869
40615637
69008120
63262670
96863614
21507363
30927462
80399426
38256977
22767264
41630771
85547501
4289635
18559646
71053213
75442485
86201127
80722663
58378094
60928996
27952970
250063
25914585
25378000
69787260
85113348
43799949
94450287
1579040
76525786
57037953
82870441
67540012
75044986
84272941
31856683
84232191
74582901
85651417
25026072
27291344
61491734
68889026
81940662
62912091
70465526
23095526
94154697
27873761
58569075
81509959
15377061
9431528
58826978
55849933
70313867
65599174
96459065
99230202
24794664
103876
10028280
9919226
94701778
3216074
80689408
14269732
60249548
51998296
84453437
78125483
83158132
9647429
67537300
86320476
4688149
70159368
77548783
46443915
96071377
41657828
29104230
16166806
56972847
55722019
99101112
56321226
84446629
73822056
71945236
57187230
82244407
42373051
49357017
66493150
74064569
5952883
61060836
29739795
60122123
27175957
67098599
26314135
88854492
79111938
83965647
73436756
65163502
77541075
43082571
62284269
65859846
66364319
55937225
81169377
91233225
90331229
55530029
77539058
80239933
94251119
7836367
17143318
65185840
72329797
14333954
59727907
21111280
16335624
17256286
42499356
54074094
64496925
66849285
7439912
82735972
90068485
52669605
76104994
19736271
100528
56062254
70421817
15212525
91616278
99441041
76221809
30298815
55484114
58659843
43424313
79600181
76872007
93500719
12677288
56792871
29387604
93903770
34086953
57661476
79592121
24067168
63858954
7630414
93759051
72006229
63906036
39930289
14599607
84845204
89280022
70733601
33178651
95158160
81973665
12019243
27459782
40848734
49395374
99745832
80010298
88759241
52683015
46997941
7609748
40034604
12970809
2230814
40155008
22505561
4330054
10806109
37040189
96390756
25636385
99982503
23334807
27735811
93421084
59328439
51027285
47061984
29798897
24056363
35689105
19388417
80290074
13062892
55415062
55611075
80588767
25495817
89861036
85346680
55027934
99266072
4717975
5921089
4898894
74141833
22659129
96826749
90770472
222231
91710805
21837924
38238331
24979655
66771816
50411237
42173817
90339756
15452774
25034219
85922357
91448681
28984027
8954605
2627174
36761180
29702652
28245214
97936284
63283003
66438793
45711213
73623816
7991109
68085336
48385629
30621762
62384744
82944214
51063999
92997988
35258510
61069991
75086736
68549203
5042188
48281572
21236768
19143897
7841707
43900183
38532412
88147770
11773688
40282971
89256675
77709713
49185399
57674290
51063971
16885331
18855615
53881120
6336339
87316611
81164371
5119515
78811693
77144086
74496968
39995182
88554230
95696740
66459747
5182830
84174864
62556642
77038356
91533405
71120865
44716932
99148764
36349270
69898618
44577832
97558846
26566586
35669718
71027501
60055750
5808211
94226841
58781902
10226696
89155154
41424853
82561401
73132813
58502995
60410913
11292720
94353335
82342568
38153687
94392660
46972535
23886700
73578464
19458242
69693353
44244002
94406940
9628457
5946491
58039790
44281755
23372839
89304038
73833112
40377655
81262076
63616503
66518841
83648215
73370489
20298159
59875369
57578029
20099809
90024748
12347874
6387697
85021112
59522608
12905149
87235443
89133442
967099
19984112
40222756
51971862
50163369
46392493
49476009
41813795
99302827
18765004
52840796
40684638
38037771
93741058
71327259
39068892
56913688
53134077
44579296
26992663
87370787
53941977
90272136
89207047
73394962
31976974
5674647
90121671
66421488
58172510
99992725
35700263
38459024
76227748
48188493
78197544
49687371
78221613
13186390
27946647
43419492
14923394
93779500
77561653
54105314
56227085
96552049
35558952
14102274
38929284
15866749
74691306
28008969
30352977
58622129
36372834
17140780
16457919
90595971
48803671
80661396
19729536
2885603
69113666
5996581
11880381
38231914
57056414
56846611
29672554
86345434
53538419
13054185
67951464
67416597
9076679
9085365
67462309
70357108
31354704
72036067
97306776
43393399
72070934
52009526
1268306
48181342
13924138
11032667
91419372
95379793
85104772
62952036
90572412
18566160
3983995
90562173
91944229
72211250
37428796
84418490
58025170
12447992
65016748
16814000
79174104
59811180
46186723
25375922
22515404
11753993
21288729
37224119
87948984
57039537
67309902
91258617
97169468
87752126
79887495
41438570
46758053
81361088
36019336
20593818
98104304
60194162
55131482
31695106
47028966
92794987
97977261
51686114
51001357
71285697
41703323
34510892
3136399
25684166
31526137
78373120
23445685
40261120
94355686
51306713
81225904
44336357
27775609
82479380
27855775
18833644
29124048
16466490
87672108
87598361
83121786
27162974
74514617
71728411
30512300
14502797
16356042
66903861
53641558
85878824
84296781
49623959
40785762
44954709
29331580
64745481
27539499
33188196
29284636
87457403
87820237
94867239
46791725
65134693
30517215
74090492
69778413
49048226
72901886
21812426
44655919
1443496
99345714
92629493
51368827
4967253
96084087
42287344
47286067
66492816
89014747
74248456
13999241
19095083
93976782
57689301
98836250
97699482
47753399
5219847
78746852
62899498
52244197
31956427
42219337
18198395
26843059
87147601
95625083
84333252
32749515
96117370
19981725
81274558
43995911
83101790
66533542
37921454
42968257
44165879
5618346
89835495
62077003
92623002
52120780
65520880
86021804
93709094
39829937
90037017
9790654
26934012
2254883
94271179
37460382
90428379
65326990
60711286
76133441
77172181
33318890
95546989
81808035
23405302
45572133
99292954
22532423
76615786
95759380
65724141
39232626
42046316
13857938
77736515
15437898
70131115
15502163
95612232
32248598
64473033
11665474
44459698
91686255
41404377
43798279
57874781
25213952
52854935
74677687
38483123
35810905
97206971
21176321
85566128
41159326
75792460
72009254
8122210
78366260
5787501
43152554
39627838
26425734
25150589
68239601
79790593
77829738
28127744
97212820
59690310
4414396
85943178
27551574
33260438
48163550
54211350
75528731
87129325
90590011
46284202
70149971
87381137
62111138
85954495
77750714
59525031
82468885
83325643
78536555
96226750
90156136
41936355
22242876
75205738
66911260
46921254
72296946
25851434
63844947
39083308
24903440
6306365
29387621
71160291
47625094
87808456
280780
13582536
87171113
49426144
42839393
44573764
43978541
89760743
34954700
32781862
58882553
33002812
65967409
43717236
52508667
96416117
35891356
94928888
53916300
16992036
455124
20370079
15885962
61957413
4866036
99661116
39307970
65204122
81894446
55540728
62167903
10834718
38267551
49954796
57193512
58502906
26071742
9636221
746647
65402254
70028163
31714820
85548645
3246957
9499213
21620346
40601817
70979665
2276692
54066720
20920714
19677335
16782917
80513546
11014902
6287703
72544773
56858530
54585071
48438541
12931893
7575038
16933191
96909150
16219663
28167386
27589692
17557241
89275521
42592461
13903709
87411267
50842338
15425163
62469759
35745714
36179966
81589494
39507316
32201360
73279804
12499475
16830236
10864593
19614625
28879861
48413944
25567024
63562126
48027224
75721253
547751
16126572
89283320
99769546
57197386
40560484
60980324
74230113
64505905
26438848
70442275
18781766
78477541
72957351
45756401
33911990
4849674
51553032
4528242
11552030
75189588
61106875
85958796
9814850
65238420
83337168
93220038
66510767
2809241
24114484
827553
94093964
35164960
17939657
99592298
3299627
97147584
14048180
77543748
65229299
48656309
95637633
79961124
45888248
81153684
22609716
10350452
57602747
56435562
50873678
52707738
51506191
30956426
36481673
58186406
76669133
57089564
1910785
83615377
36531013
17191227
65472100
43704782
69198220
54988912
46097854
53468113
41588980
90566206
1561195
68106487
83913534
12345998
30822354
1295534
38662292
29479004
96042798
75908386
52562004
3598908
52539408
80003717
59286223
28012050
61444274
9319040
95481437
65639535
24222366
72511079
72751310
62267561
74519760
4372598
620290
88328265
74720577
2024571
23960811
63161177
83508554
18160406
72861245
73266663
6515277
13853532
7814945
97100231
59780400
68037567
87022363
73048100
50729356
13563109
41420349
6789795
44225049
50874124
37023325
51527731
91348292
91371745
75079700
50177605
94125290
90514607
12381136
77744296
9274885
42919143
518208
91024202
57472663
8355372
38222347
47320771
85120686
75427822
23214782
54748588
81654899
73021535
677270
48284110
53353261
62397425
47371631
61092048
12070345
95963781
24763772
14758907
56030840
18739527
17343181
59650750
15218908
26857602
32187583
83423695
13557882
12871788
61752708
485178
43887054
85269173
19993777
82170834
89309323
3835788
9922468
18229141
7854296
77607822
68812315
4653793
20284217
5527558
72050911
90260378
92467483
68103917
72988426
14100947
84848693
32081612
83804742
49670243
71076156
55473688
74895757
10755672
69824660
48901377
71118718
27535170
35142811
17889597
47114062
89369078
99871091
7715750
16999003
94678828
76623286
22684839
26174406
63367937
93143332
64901696
84802610
59769605
11887828
34848926
65021227
24569174
66686465
72897364
80202709
29498496
28884289
64431949
3108738
9332987
97035609
91666400
58771223
49321091
14229092
37448203
11042122
5144862
88212823
28098722
70775485
38720733
61173323
30814250
70500795
55677204
61062522
26055709
80539573
65105535
71624265
7080543
62669563
42075310
37301249
28428822
66676804
56342368
81027948
52938829
27401519
61764518
71497850
2271177
44698128
52637230
97688472
77564355
74699098
67729387
41453879
36862928
90751610
95553282
18655207
68936618
72540908
84739074
7073562
76788306
72112565
87772901
33097613
65050090
86344148
77190491
90575349
74456579
95966609
44455232
58479822
24730871
64213300
78717450
8156555
2695999
65638670
75071840
58988034
81200296
44260658
48149451
37425510
65439444
41915960
94135680
82339123
10250213
75079548
38370701
98710553
34809562
49071846
725867
96543056
21382340
58003000
49483679
19536231
5939868
68935233
23740106
78180268
83178748
31853166
72777298
21419022
15083165
28391973
98468298
60065080
58601688
98912631
76973112
91241512
17868745
29398543
36612131
17696705
27299088
6944628
22488563
8518198
58911356
10373551
93606524
32226570
91487864
27023887
89788678
4090805
71649925
98539415
94591745
38301556
17063435
1693943
78076838
37345678
34692093
63236899
91918671
85842246
97565004
62847834
73329840
49042754
85247935
98689870
91892001
62557193
54299971
53534241
51782030
88578867
34662619
12659819
29733171
81090553
34354195
52779759
6282147
14617522
13186777
36407224
24526444
72800276
34579311
35012575
44195704
12015726
36370208
96654864
70412410
17899101
30115638
24109546
73400435
82614151
33051290
90895622
47403213
44826363
338674
10033640
10587144
64104076
44420800
22627805
27248919
45017803
49152783
88574265
90418165
47753804
88585120
83244875
62047644
87593384
13261954
40940471
77059406
31898915
25142751
78985129
39346872
96522001
72986974
97792037
57747862
93563992
25794377
75424592
68413724
26190402
35530098
11497092
31219065
96302004
16505188
75950659
97769189
25482123
28528260
48670166
57502325
19099281
6566401
9171214
85719083
95096221
83033037
77415953
99373899
48372844
31146523
57250960
57921711
90339659
12152176
5954038
92348265
26885946
19158525
54249191
86160676
90316470
95755400
56718718
87368795
62944792
53799759
70448393
739100
10417624
34097794
59372280
18522154
22945362
61728948
33169972
50514713
22869359
52183058
34666167
92883064
77711313
25348465
73044577
19950113
58489526
12387403
79376283
47056826
60212626
23489390
27078603
50401341
7625077
68283751
31247698
61410289
13622652
54260065
48889849
53554207
5455648
77602151
71711867
33751859
9513807
36361111
23532479
92824751
76221085
71582288
271588
49953148
30749466
99821386
86474530
74908180
12504819
27841172
86694392
91869669
17921460
80314553
70792524
80556937
82315834
69104201
52766798
15774287
93178406
85442019
85955022
27411142
82550958
36145899
17987532
14790550
98087000
28427405
52812566
50104311
46642451
18088744
87042361
48468226
57785549
89594626
2971725
92270601
44905371
86052230
25021552
39955961
60825821
54430144
37506764
69949714
1987169
7385833
76580164
7645020
7314166
75080618
34649640
93422716
1413878
68827168
91098837
97258277
967801
14533840
92387757
40699894
48427283
96544502
53009081
73901233
9393884
44414375
37070014
83219384
60552502
17134849
75387495
36232086
19462784
6335764
55357988
29627130
55996779
62348811
82015619
38183679
89850322
39973615
57612420
22261652
45466147
36266303
99744687
73736108
24377173
11160106
18117309
4249038
48598162
5690353
46319472
25811996
39651040
31839936
24403453
66576227
74304368
87956964
76061363
91207990
30764357
69410968
26900729
25214966
78982172
68196763
79718561
13917687
27808078
93138367
66033685
91070827
61084113
69852683
18135511
86007252
65616110
47442078
61750820
47200150
32565816
84794699
64891364
63551090
8978486
64850366
36096285
95524264
35685169
41550764
48463240
23292019
62988852
57515717
85985135
76134724
90887546
7610181
59377068
99426871
50668274
80467399
15397315
80031110
72005311
1730518
83555858
11683592
65196721
93443922
71381962
80623598
62526772
25530853
5457281
32464
54113227
84095470
59393617
95281120
12712529
69801180
34166977
31594857
32896164
48798197
82595729
76838879
83655044
75361023
87674355
33963661
94181350
1486690
7859252
29290501
86526018
12859865
36731763
19883040
96893269
62573569
68766342
36728862
64388826
3355776
63066137
22221440
73994125
33401618
77964153
76203171
8903218
429103
48800819
80649658
83012418
75692818
89867376
28608112
53357018
89736483
2233576
61745232
97578160
96443981
87308142
40368584
17982025
18814927
22680510
85895560
11500871
59719817
19877001
87980512
56493821
6919614
5260295
40589207
77741511
51796485
10873214
19617088
58314165
78650515
60517272
54267190
61179763
13154902
87770263
5782649
89430821
87375834
42524425
92467729
41518186
95733576
39254474
59962463
92183698
73900256
23552637
63885523
80019787
98184389
3450849
24004147
49465683
52650091
5007206
21613189
75652980
60969965
23419933
47436319
42791726
30624381
9643211
83806628
4719945
66484110
6151839
27927027
1752451
80807718
73934571
63523147
21910740
41586100
64715003
75486136
43043506
13906461
97797974
85260856
15864944
63398376
10804993
92517594
34448262
81273357
15219553
90334022
42316599
39822339
7625759
68809923
99187581
39526690
17054888
5103305
23158658
23037088
8473313
39387682
86454161
91275624
6203976
37094947
90184363
47150823
29814896
57859797
13964628
49163732
84836310
46919773
28208183
98360011
86358302
34148114
85179749
75662163
50513680
12530104
99863998
74229316
70600664
55116373
65555341
77972256
93455464
91868123
28441206
46473000
56541939
18573102
6552215
98970821
37282487
15722305
70452484
5685336
76269787
70702773
84208793
85254999
36040643
7368500
50951728
542611
45047306
83101041
28581010
10711187
38456477
74486980
62628787
52764887
79593943
73425995
81974859
11937921
10432026
26437417
97454209
49582311
48449432
96985852
68176772
31928623
4209815
33884299
11683479
89239331
97527801
81879470
94308350
49702505
14258702
46571972
51853392
99226451
55625247
97610003
91818840
45032326
18356951
12592571
66151066
73945560
79936585
38445342
92435935
36616812
24082452
21523181
37805967
53884051
97015620
42320455
10037702
93474296
55319035
93740660
45672954
5609626
19556072
20395183
62022395
15732067
54712560
93497971
32604875
84546677
6515879
43552084
4298620
29049887
18260102
58822118
15602762
85711341
97793162
92832181
99687062
51723046
40680445
27503665
93154785
31343149
2742871
71103785
42950843
65039306
35240478
90241326
8812387
9699629
67618794
67096842
82477460
85504849
91250906
15026498
31560297
17822699
36635281
51546370
48001034
53429406
74739233
78336012
67440901
28705944
20984099
41106678
89190396
8187193
74132672
56116845
53761800
16658117
25728248
78824134
5389195
59771208
13907465
12503094
46097868
6219856
73291668
66694964
27372841
49309892
46793798
67467005
74498896
35802355
97783435
47603760
37448929
10028281
25157296
42563083
76225673
93527367
91570779
37217192
20510333
77579875
84101368
98857819
85526096
63113349
97141009
30507088
78098314
47517334
38839004
6692469
20109859
81115543
84076871
6381738
89710678
45311159
59949076
47876495
98178483
15647073
38006766
61761937
40606636
14304350
46757187
55216275
24889716
10482211
75409589
98478962
28532963
68759143
89320208
75076420
63479835
65312120
54245585
75933646
41929473
26594287
6674511
36473012
98586698
29924308
36748217
37740283
2399733
34224369
14879446
88785833
66604071
30017662
1382850
76801568
75467849
63220830
25542475
23912297
48222279
98353382
24589463
83736492
82622042
23884585
90384924
8841130
60522835
41272519
98916924
33772084
46163152
55240484
33247216
19429682
38261628
73869918
24110768
90773372
20344244
37762519
49805297
56683880
90657770
22947040
69888071
13445194
79342452
83484616
44534783
2674777
86163397
78972709
60903460
12109331
71608581
75308447
22365454
40060444
76239330
17567211
57633179
72922051
47329179
78774881
3105666
23766910
11011435
1447071
96628354
59529321
96573097
16541818
33723134
52327966
62280503
39540690
65599910
94982364
11132875
59530561
16245552
41881178
2028373
55866478
13973077
81430715
28652974
67301418
10100340
53163710
32782384
23198352
24361244
90851711
74672155
22676556
78474859
19614252
22792395
895321
72436779
69185340
96678912
11177257
32782455
45417096
56092556
14357791
30240677
20973448
63450883
26267967
36754021
23360170
34990528
98726709
65684712
14737170
14548798
68722029
77273491
11074786
85532808
73910254
81467756
6706660
77295875
60639819
54779055
66127130
91637752
60214195
95785278
75221618
95419308
30101674
85004286
23041924
59446912
55866386
31111852
27636951
16390575
44358707
85835033
28555844
70912506
11146222
45279083
36501660
13914871
36040522
77188250
34513160
27107594
55786199
16640590
11843451
98741194
13177964
67106920
86979035
40393854
44386610
14390637
30588413
42822373
35664182
9062351
79585081
37020927
71124138
1052855
75557523
43524821
33781444
73095446
69562511
80371651
21577838
82736184
63261130
37894380
66206019
20608663
62030220
33530318
42884143
48027315
24811794
99282428
20722852
90324728
10427567
76797273
66836648
31925311
89505173
84362511
72863585
89210290
23215417
25824589
77613756
28264973
2570587
34705449
43113353
72813636
40533098
44428630
6007565
11236016
32830587
1309553
68565237
69189573
3101624
19231611
93684254
28215761
47849760
67066664
56141011
94561670
23003796
8173785
12966621
2842583
52842481
82644251
82282585
77213928
34538070
18049916
20169106
89252733
69853167
92836925
2365378
14463434
72085471
22829230
86191873
32438835
80021336
44760035
12635512
21877198
61738783
6967851
53275835
91404192
4409139
16847905
32635437
78879558
13943120
65136054
273412
22078640
89088485
6106338
27156289
14903693
52056108
68783343
21479046
99942570
47271534
34611712
84440326
11090846
38983674
75845190
81446962
47011773
7328673
23534075
49643389
71041893
17603992
60860896
78465002
95092363
55598732
89958174
68659112
3047851
44130609
52942668
80219211
70284521
61330710
6090988
95525245
54165094
63227687
37679008
90097524
74018743
13221126
13063773
28202346
56817912
93499066
47201037
3534693
72565028
21653217
21224364
59908385
44161175
9053873
8324211
25782981
18399268
35092237
69714185
63573402
33287497
80462339
35984906
52916146
8823559
71318067
37981233
43372711
52747613
53830544
26649192
34394450
72479875
32671233
80904509
40838992
73744286
75628591
13916794
55748539
14695054
65184200
62100304
11831368
24947628
45251587
41365279
57338709
83484699
67690049
52779495
24078119
2891871
82798682
7721945
88937689
47346622
43479847
73769601
81634962
20948700
44714827
30840492
37610082
52123292
22103832
9956212
60736009
1482898
65429547
48787043
18978582
37036050
79840214
75621763
87076983
19780268
68932322
99767631
33539785
75095002
84501115
38782697
96184244
97440130
24185421
45099898
59515998
99576319
45958877
61213875
89843679
72672555
15264564
38945150
26146006
4490603
6712583
85399720
67787449
46904683
78363205
3404840
5911419
24381449
60206564
82880561
93469984
52776476
2852182
34396944
40156414
77316987
71127666
77861639
31723178
63720848
22656128
55939258
22770184
5144855
66380853
67657995
31007257
76882840
42933975
12502569
54610953
84763079
80557258
84749124
59410316
37495864
16804825
22522536
54680330
29483413
12440369
57018909
20261141
99337546
76561320
20546615
38606924
21487943
40283813
25299394
6507941
97388185
86683597
29316037
92788249
67839360
3129449
72639573
8989008
89565423
9473942
60912232
93097000
36772253
69827568
1104270
82973925
69244020
4049961
35609947
71095119
2571331
8465941
89359771
48600203
89213484
19843753
93232228
30537385
20818455
86144514
76779510
6306994
99052538
92610800
73180921
17963462
28948674
98148174
63813377
54236922
68809695
93309221
13551848
36738879
67446122
32394225
54426735
59504392
66158815
41579799
37232358
27647417
31635049
54812951
91867604
69679067
74310659
86302468
52746318
79458231
6693450
28023977
51584074
4870783
62066916
30672214
96945466
7669575
55237917
65089061
58971771
67431481
25437539
69961945
76891329
29975333
21230146
82050820
50363151
21216361
63023008
11252946
4233321
62998446
54412783
97023234
78558930
78685974
80389223
1766788
36140568
3765717
30398060
61716817
89464774
41694975
85262827
63484061
73759398
85132679
87469991
62927837
40801573
81911767
61520280
24743252
4102941
11918499
79813514
66350275
76902981
49997616
17646951
77499551
97029293
66699642
71301387
5401397
35921274
65014945
60821835
37673346
51393717
47676773
81781448
32497834
96751552
68994844
60540606
70433755
33521300
42531437
41733054
96641670
34917757
46175776
43579545
70401283
74595277
39979009
43480011
15855874
71868311
39240646
63791959
50448289
73908729
34690706
3317689
34809029
91612168
2833887
60395305
53675664
93797610
2821463
12467764
31802276
99371000
67947316
2178756
3225250
68577702
83652251
79388769
69971927
98968869
46172502
20109352
12048916
79884110
84613991
30838577
73394026
67083541
6060554
84862881
17955732
32748551
44514728
52030261
57963721
4572070
49181030
46484291
58385510
69599346
47321252
59427610
15603766
75716596
66646127
51638656
43450513
23190877
14138477
20894815
30178730
80987938
53932011
87766821
10715954
83129861
77061713
61226994
92516549
33844293
67258847
72180608
60097081
11431065
20753523
72335536
69118586
2717817
13982279
50240321
54159440
61277265
34507087
69139593
70288912
13875593
92657321
95288398
85357651
11503090
14935217
59262915
35745464
51676789
11147651
16081257
37380664
49076140
95038459
14410157
83724022
55403393
26547397
56872932
26515156
90366366
45844910
31358942
11931755
127497
59236294
29632566
22216354
12686375
43544000
45414176
68460079
10209390
28888045
35208692
92225897
47397718
51250864
7953189
3093761
8763337
18251553
62541420
26001617
47262723
40793160
7433974
1212781
63922389
73740590
25571732
58138327
17018234
85421960
31567092
97673576
78623025
62065609
20022551
39710638
80421228
52424313
2630678
48203086
21190110
86242098
40081483
89096002
75870195
63671368
27733804
5831049
59093891
63994219
60397084
58461316
86467514
56330190
56074103
7915974
85560813
30259877
34661409
70146604
6925344
95143965
23552511
56716303
16028386
65096057
58020151
38793639
78476408
99272386
83115635
31883901
67494048
5564188
9174578
20972504
42222300
47233833
50115329
73213282
69635135
15812350
67643907
34346041
86544730
87011639
90196977
75074565
37105208
34723064
41016750
79830050
65934670
26520862
8406794
74515532
23156590
67909278
11057895
53346767
33260688
67888002
43970746
5335209
46512568
38046170
90280389
67570581
40505661
80312967
11218413
50475696
96710317
50917350
41452576
67911842
82993949
5211835
67779391
86275440
60454212
22311752
52702500
10995240
23923464
6232085
30346626
48161151
14355147
61676618
64066041
62557954
81531772
96939963
13638234
67292862
22475644
53731468
27893790
93293942
64843822
94525500
527970
15396032
47806863
8708540
93373614
48695034
82898012
43141004
64895702
32388527
98930919
41873309
66493752
98461451
81080205
77991187
87345717
15606549
61944060
3073438
54649187
60582054
25877729
26898176
92214929
40441296
80459240
21769507
11464964
39444629
12870923
39804948
67977224
13874029
59765471
41060564
28783413
58602460
15994000
99272730
27060444
44385096
85405515
40431699
85012857
14802069
83111586
17588947
54477482
42070326
96446455
11830347
72452990
72484411
94513832
65347408
2694324
62161615
47898315
47022430
93136205
91578239
75759265
44426195
3123876
3944307
32884160
85828465
49846052
23858423
17876463
15246918
58716602
1219662
53113199
4631359
18636162
75238465
68611910
90175909
73467552
45491864
48305960
6934584
34093680
61866067
37519200
74586036
22484146
43460403
93836935
61814105
33387055
25388664
54885585
82262350
25189556
7908040
60157690
14329870
19751328
99385689
80607545
9659637
23737727
90272483
30803854
78083401
99800306
96171174
38281707
80899481
92965379
673855
40654736
23515001
78452165
3543150
32005197
45076396
30850570
78960406
47606944
14095509
32383434
56040763
49997587
87141647
44124326
98544553
68392409
5360571
32059108
45788254
64069730
45515318
64361518
43046745
51948074
16990575
93461480
64997439
57680724
98224339
20547608
39128168
39235725
55606800
78427602
89748986
18401742
48050674
96005435
56333996
58441244
46218948
15623745
7738223
71974260
47142062
91899265
24130674
67220383
45434974
31960016
94003460
2716823
19029411
41583292
28830862
74430997
3616750
92470066
23724423
15353715
39786857
91537626
20616552
7982001
51118107
98292987
77377375
37195806
82794943
20757993
52315621
65251458
54797559
75174134
5022934
80287325
6985006
62577813
94326081
69619296
38697709
14764713
90483446
74370413
42492737
17342793
16016953
49305468
21990101
84428317
72366611
62695357
41318052
61625472
60262768
82014236
28689742
97432808
91663245
43077009
38866363
82300840
63063002
36143030
67864803
74449626
55124469
29329388
3093454
52801451
65711798
80319307
42854738
83471780
39535365
8194287
74099848
19550736
65459598
77909056
838606
2012488
20290663
30873030
89563961
10136457
26513132
2452854
81655151
8643457
91631068
43177611
96168964
26585410
4989620
17937498
73804172
3533422
79175657
72075325
75099035
64598332
98861153
98536797
63396485
86853414
54072045
6175665
7986063
42281776
22948351
40567006
23204069
42228331
92778178
83569542
34898905
81645361
23390432
47145862
48478522
74112078
78821516
70378264
36868752
7082056
39282359
11083989
57035111
75340834
66036498
91267174
16328303
39749665
47302308
95679580
98379140
3538632
82543100
55703632
95936186
32739271
12415715
37569369
34332146
76679169
61421764
62234208
96677076
61459695
49718643
96150589
94403642
10333324
9262430
10366357
51964897
22551258
78375607
19555542
73472001
9744581
58463265
81320182
25692188
85569039
62982716
91530222
7161692
20234439
15054774
82687828
81910802
46521669
68271255
97600187
27993512
72944653
35425360
1434801
81453150
54178
57500234
57463157
21764877
25984023
2249436
87677784
92755198
93415926
95078431
48389582
28982266
94049570
44806024
56795502
48511131
52222387
90253283
63714048
51547393
79978202
34381915
36480543
40729551
39580265
362408
20833913
11395289
10912194
41411893
67394743
65219251
68401320
41968135
58511165
78210117
53472278
45378234
8952402
45716310
55258106
25885829
28288334
18345610
41900769
98106905
20858545
5508217
64266355
69321633
59189051
40799228
2663850
31512275
15852469
50333666
46712504
46897263
74920972
13288937
95843021
10876176
78727640
25810045
69532683
10049485
69833685
76111571
528364
17473255
44327394
12641984
78991539
75246359
88022159
16163719
40007706
85804290
23790186
25937958
46952545
67787308
89262666
11794177
99787557
90469777
59383314
24587991
34981679
28564657
86673650
20862610
60125952
88859526
7555906
19379434
1146270
6354440
30216531
48340620
8433963
22210041
48311452
76266223
60291721
55643055
10958707
55806733
65322912
72501117
20141865
77008930
59787195
76129622
29021776
56578029
31343180
49647232
93935953
49366270
48250376
3154671
34619309
61399552
97401240
5872922
61843364
95724444
81863125
39258554
61228277
81474449
482431
89557006
43051106
48443770
54663951
14404557
20840151
75758347
67223135
84011146
81136771
91970586
70188124
70673011
50070363
80509996
11425081
75933934
65368193
67622456
13286747
4482740
40201178
79276188
11660226
87892427
39761991
17068179
26261485
98515136
29131912
92364124
22926635
76838470
16975067
60194772
7250161
48262976
5547170
37397580
58883671
1213428
90339892
88391840
30688515
96454421
8677550
408767
4112948
30201545
77289193
15989466
73738805
29225693
71185901
65526346
55825443
57527324
20970107
81953066
85149589
36163560
90677969
85377376
19801819
48436171
11929218
88718563
25851175
70435524
42236216
10038063
90688867
46412927
39088511
83602294
66393162
62279020
41119532
67447213
25179702
92597568
42807647
74302402
29090566
87058212
83155766
19427481
90093100
86304128
80262112
90605687
23755336
21601485
49968295
34309174
79586301
38068532
75184779
11435350
5114529
50324077
17990108
69357840
96275749
68713949
1719133
72612191
29434203
9569667
49877633
51925610
25840660
53760365
24049889
63399864
78396586
44222952
57816126
21435807
93243828
27297325
61568799
12005672
57581854
51758110
73225124
39075593
75517190
49292944
24758309
53323469
31587027
27436228
89361285
76217477
91319058
53773446
56570529
7121956
61838377
88681881
89086718
21240475
61502758
11906834
6882698
9781659
49803667
12640205
81670255
2387868
37783071
65434512
93041040
78320068
56759067
33565343
85999311
62432576
64753447
49688151
67195123
45027180
92430307
72133173
59316572
72392906
71153986
74887045
17732455
11849493
3239133
36927870
26448942
30425564
5220604
86418183
5875526
22162078
39424542
34638607
29929762
99403356
64387203
57468030
52868648
44389693
21363529
63881670
64877607
25260499
37165030
17143621
21362999
67895325
95109682
29778505
72677183
38341135
91777470
60523451
80264934
82977539
81774995
73616251
41595316
83219850
67263568
70298418
64604720
17669680
72498383
26978752
48650163
43501023
87821125
75178042
86255848
63695856
97770434
43615176
1015825
69596503
12933606
71928825
80056504
55410635
91528983
61055171
49348938
46756293
81458055
33524441
79084221
30532524
21666797
77411279
52898031
40224470
9569990
76154967
33625847
14488323
5018240
74559564
41992436
86768162
76557331
56772024
11430612
8960874
24567141
64321607
97133271
64514076
79230244
21081201
98431444
53237107
46438670
14597974
45434452
73543631
40919275
34356957
53599652
79869187
7087020
13164365
87653742
32796640
9585245
64656316
63372458
89249371
65861939
45476343
54202202
61448602
95961891
67035612
66500305
80362770
80385371
98567342
15699995
50179235
21997184
62933565
62400544
50364813
82134256
67221605
4489665
21766911
11684080
93753002
59997718
61954354
43631701
65449122
75986052
98413760
88135812
19606186
30394394
574868
61002228
63782194
53272637
62984508
94538853
25896049
96730140
20686978
10135934
93691083
55773311
22000221
54457691
50444700
90359233
24486700
74278597
8308548
79773550
89165320
60859974
93683499
90770847
9297967
3509759
63296970
44686792
94740666
7158262
54177944
44025086
20490262
48492327
58603297
84014776
44322087
73877455
90079345
53480611
77477534
61092708
47070612
36731192
73530669
86866739
20880345
79989232
67381898
83692094
9512750
34692425
52734662
73034116
54423614
62743837
54594357
70654030
48759702
41332228
73950334
56352547
21817315
28546523
53046798
20513248
88311902
80410660
84244739
44575445
60997536
25642379
92953982
4528077
91168916
97545088
71728261
51212070
74053484
60930808
57858391
74920257
45826940
60397437
14033923
21381241
62677415
54981435
36183612
9657928
39399148
83985658
97633401
99477467
81433032
6561580
25721579
74385868
29480525
52295082
96193542
16600088
38971862
27315044
8497765
92042347
83171226
7137539
12812243
20076656
85122117
76343824
73813303
36041559
43000776
52211102
44426924
5287069
64253209
73123253
51110418
37762657
23624513
48706270
5621222
53110706
46094977
21048960
22404545
80376347
62355368
92547556
78943094
46022132
33445834
38252320
91380332
81730203
61122210
31223285
26718850
57763965
9812960
43674765
28590348
46693448
67858202
17804395
96954315
43506297
72213854
62190238
77400992
68514501
36634101
9139012
60752842
86661843
79643518
64444049
27022542
73203520
72052792
28951433
59574895
91577616
85480292
9114839
68073825
1656326
12178238
49118392
79419227
19955939
23625275
22780075
48416536
22938245
40496816
99808044
30052788
95429218
80430644
46983161
61431576
79369046
34391225
27675030
58569449
19320641
44510827
30066907
77658843
85832373
9620487
75934612
34080655
25526557
70696742
67575566
15794422
85618536
75261893
42838555
8691558
78496774
42446645
89876929
56914724
28550830
33133346
82109604
8566839
56063047
93555372
90674800
55224615
77822835
56787560
80692012
35069191
5192716
74910043
4243394
70590233
82432060
86274918
51822740
49971689
72656443
35160262
83264138
6178695
98932136
96414923
4162812
81233134
46534296
9216722
63700184
35110079
69098797
10115825
98331896
95650122
66527400
80647046
2566091
52583221
86817960
91318317
81773422
22267246
99562312
2252349
94430971
59612660
91451198
64228306
48054769
89047852
38076817
87922053
16388662
31255621
21629253
81343468
74074952
26684083
80821969
16510923
38342255
26581967
14608562
57816028
3220423
42321562
54210518
84866920
73703574
43695092
80925847
56291999
30876637
58618250
21391557
97022179
50723544
12784580
4651995
96590481
96740329
98325621
63076957
49820257
75287987
78776770
80735656
86480913
55131001
62226972
29173914
8186945
86651486
90280725
25334
25054498
65871082
50461231
68407977
14980149
41200397
59618196
72702149
48399524
88894797
86964026
41464142
66906799
59339992
16931582
46280119
88525232
1778430
41972917
37681878
36294142
5217840
75697905
83592702
12468684
97284963
6023966
9366296
98712526
98556555
17422010
24799179
36677924
1499681
37001907
94058879
61026575
25955405
36648148
91948377
96470132
55749530
2743631
19926067
21977508
9968102
77399550
25839848
21014352
92294056
28703517
13508540
87604076
58984295
27283420
19018422
69774362
55778098
13118268
69204105
67940214
92434489
6169704
87479057
65838521
52692055
75058458
50578995
80434698
84574241
8707916
89834417
27899893
97811369
75481706
62927408
22554044
51107050
27218830
83695507
29373953
90792554
84352868
80779933
54218549
25119376
75228536
66747643
75657804
75489433
33837644
21398122
13291791
58750909
96762302
69299266
70081543
11737574
75504880
45375212
21717518
96550580
54549208
24376729
15543169
92274236
24175524
59739032
94056789
78227515
60389120
8961466
55601883
44261025
15955577
57986447
72868383
6356695
82383387
94694628
19369102
42882092
19196038
49811472
93252475
70710088
91482635
51165459
31844845
13269876
38768090
88359099
32338068
70693993
98016835
55485197
75578018
38387253
39905271
4188907
73539993
45304057
71105986
87262703
24959568
84733059
47962935
71399737
18799447
75659862
73124567
48046469
70234327
38154574
26110047
51652546
89125885
76998932
50896234
62724398
76418887
6642323
82007289
3741512
70477872
15093882
95633380
60218695
86214646
65165208
29621078
94526935
90131322
66805931
1284877
3872366
79496511
45500561
90902356
39692473
852066
56879233
380475
30136893
90393634
70280553
76753992
8147446
2127108
59436649
85893372
51250383
96327479
93101568
59733299
44008741
64026073
77599276
81790896
66912636
52461147
14183986
10226282
23647606
88629409
74066417
92605491
40550961
56094682
95184446
46761429
66158058
56469491
13608194
23928136
12437224
66113061
81836252
30167462
98919551
32832180
22688872
95326263
11274574
28657765
12554686
87360700
57850044
61144254
92397652
10268705
54732209
75199357
29117572
54297053
64582495
62190827
72774308
14722347
50220324
32993995
53103236
68658536
62518817
27924767
41269082
35827391
57825775
50828889
83662065
62843691
4630297
82081144
43757458
81182961
12223942
53484455
95818667
70000141
82563890
4386227
45947345
62730131
18940983
61438966
7177540
36563000
34551943
84689806
81884352
20751872
16158876
58630818
42284319
47479754
70974977
3858706
78988712
12403426
81577742
57009248
53917500
27078227
52944592
23181938
82980077
59780019
5052366
99452512
41705198
83656576
73860168
41806900
3477083
65411886
12820906
75047257
99192763
81365226
29416649
81418327
39732968
90767304
81819538
14649690
1725601
75596915
74516230
41485394
97971656
13139208
75184167
76786555
82502065
74645753
5697696
93963530
9132706
36789306
486877
99331744
22782907
16138623
79284944
9222709
33364564
37072802
85195682
77288535
28133897
20696815
49234604
10701135
62344360
72952535
46625510
10764787
81320211
53302923
99342997
55338978
61772584
62924536
66504676
48290603
12753378
77339787
49664349
36798106
72980387
53754024
22879100
78340714
21398958
29933031
87281973
48026870
3531952
77713605
35396296
88856714
97325447
72189922
89558978
98051961
930441
62731377
36537516
50160163
28112919
58122066
22600745
74773050
26762005
90099014
27187751
30211769
88616680
66991579
97329887
91970881
7228910
31171211
55052099
52934113
27800003
96365250
40573052
46394048
12279380
47802318
34733250
77946459
34050164
2199108
41417517
3769819
63296279
22411961
68627061
95032553
81042415
2715840
74150949
4560943
214835
22312405
57899852
7155498
30754980
28559387
72555252
39946205
20090149
97569879
50976172
23487905
58429815
69808579
77214013
46477079
32948135
52411206
92755666
50082611
68758951
633432
95855048
28745850
23075169
76530476
60892348
62274405
62404627
73877093
26611344
51716738
3748891
22307821
512661
12398948
34466186
34054828
37480322
69987246
59382360
50513919
71425934
15071237
81816914
80422289
26230641
87410823
17331858
44939237
61353072
89032638
20271865
71811144
90002910
5005983
66919043
78161852
87613290
84442698
60948403
80599707
4054490
76706194
14984976
71831397
64255490
7846010
6330902
59748454
14468344
37281106
72118994
79951085
65736411
59210609
40669433
8357488
36512507
3111974
53964946
5289667
94615178
48601991
75214401
91413776
15022278
19722843
67806920
84641507
19955149
60741680
55942239
14284577
21611066
62914248
27698371
26707871
36803214
85756859
99041682
81110249
7812370
45756550
48259176
18866136
26787853
24489918
86759777
51506246
99132661
92973489
13170709
85100914
41037256
88412086
40465079
81781927
36946653
26959535
573886
69284665
91422669
36051810
70307207
38739985
69545380
69688885
95678936
22759181
97488572
75139308
67335350
53758107
66562766
18883527
21651860
80641124
11240588
55292455
48540197
69339123
22954356
57351113
5514808
66359582
90822473
54630312
16054097
29560207
26417709
18130399
97049994
53849761
67592345
5731870
78433256
83167708
50250275
90537997
13447931
5293473
60417755
34948132
56854728
96876754
97926587
53637701
91109938
67761025
26988005
31803986
22343017
10943062
31108243
33556795
31868115
38973646
72590989
86129200
92435652
77201318
40520302
83399086
67545343
44362616
47231491
23744275
81958408
92705285
21401727
58950523
55339636
19078888
46675739
71361958
99983230
88420172
73119648
57589897
93798742
62212049
63831779
3331770
16571372
38796344
89891334
80964771
99712167
39396886
2790279
62265956
80829123
90331276
88148948
55237824
1589791
14202853
63527470
85713080
31360377
83674983
55549133
82325059
42143597
68461538
85625578
39408160
14222736
99824234
10026154
14412436
98827359
2487145
39103944
68769119
9051224
64083889
18287447
81175187
51029639
38097765
59932797
9883295
61960412
55320942
18635383
67732072
56100929
6534340
93164461
19314942
78751696
64974419
90854949
53474232
45166159
20850858
46838631
84533865
53182675
35246205
62615960
62439076
54531165
61882156
41254240
14175329
98652537
94587590
7368148
66497961
92562405
97654864
34533242
34546363
39640479
47557285
90277910
27258895
47418390
43093244
49162345
36615578
16980839
48968101
17757683
36595416
52511262
65153270
42143145
52981248
97464085
73395321
2105251
25646543
22371727
15651337
2916301
49211112
75552722
24045888
52957850
11586960
66512801
55092778
38987270
21887133
35079777
75625093
7217234
8051082
81860492
54813936
54821965
62832339
94113038
86794120
35637372
20508798
62495838
93891612
57472097
31911947
33710105
2089953
55378721
90526538
15099052
11402319
86412523
651952
61525943
52787996
92519878
35836293
37395738
7347823
4282334
47577075
46809673
33277170
94710550
35707938
63950193
85565699
72726771
16685787
72597732
71928348
99300360
5279771
23162362
58370204
72684038
50863238
17320836
79200594
68630734
62974569
9104622
83431165
63813595
31686772
78359439
86503785
12517721
56884496
86110608
44286838
9155985
8043354
63721568
59633197
12478210
16296967
38696567
70882809
33087402
54982142
73514764
35000376
99759675
91081622
73883136
67922329
71486933
84348592
13266220
13901756
56264979
85036223
74015664
90831751
29792262
59676173
89809765
54858040
40213502
93013739
94012575
22034289
49176510
28711534
71862036
7278000
12737351
70370704
67931106
29653219
43440896
52435095
26909514
22024774
92345530
69800989
88225480
34555697
25722312
41107469
44455627
78831932
87989870
77532612
97374592
50763770
42893863
70105473
76344407
90437434
93877161
72424002
11722640
70934892
36443137
57085197
85027481
62845908
5995887
61716380
28630028
53832332
57193604
84993824
19809895
9203290
30264203
27017392
93173431
85341399
99732837
66989511
17731493
61429168
2703675
62747660
7436236
23549932
13904321
78356669
78595210
68394096
11659866
35518502
91938873
30809783
77674465
7003803
85218930
29394024
41316198
38209429
32144109
57075579
48273750
66773608
15263986
3731340
17866420
58234819
14009971
17839355
69157084
64795592
70640583
25816051
881289
68025242
51620735
14767492
70516360
78713337
43473328
97485755
25512840
15993375
14475313
756478
10160770
89114081
34845061
24506277
43229711
30151404
20782841
93514902
39466485
99578052
47693847
68098594
64556901
30812886
82710077
74062599
23495248
27572140
87716479
15466219
59123376
3018471
56501948
20093293
35077225
19809607
38412917
12039045
50388836
34650919
43125625
5154409
81461008
59798994
62490509
15540005
24463290
16351630
55721182
70059503
42329970
3637764
56839096
95223098
67894206
41843869
49048527
31018428
46967748
33104352
526454
26390291
10024587
91055794
83986093
58400138
32633090
20215272
3617565
13570023
66432755
98994093
77787859
36812405
43963014
33483928
66367668
12875662
90556006
59229687
29753306
55648259
30147356
77711320
56466032
9373787
75989929
86244452
9707582
12930892
41759125
77203
87507993
95161939
56458526
39039909
35553141
316610
13419562
7870533
5414488
87056014
8652648
71834200
97170178
31398774
74194778
85001292
39165055
27027380
64646166
76140262
16961876
22398135
87390897
89432525
20121634
22525262
93260716
49819000
90162950
40756642
42360650
80414638
109680
27993029
99092969
31352948
74727095
96647609
51603529
51382016
56337792
53073160
92134603
13184884
78380048
63586202
38730705
17932759
27518833
69351313
84051169
59185194
94944521
37564158
53218759
4989551
89942197
15940389
7964251
26926761
56870207
16271793
94692984
79366398
67306692
7339602
94911483
15591308
59440902
89335493
27396014
253088
56162426
59410108
11607027
27259370
43916406
85802673
85576289
84400771
50391346
92528756
27878942
3473122
29632878
78307563
7786221
60988489
64184846
13885964
897366
92035100
98447419
55972273
67580841
97835312
51593480
79911669
78609532
43953281
38158140
49057154
73950345
83529568
88489407
59986593
83044734
10102347
72596853
46520362
58771972
13879045
94043508
62403849
27186395
99989189
56021335
5295997
23361977
70954090
51779437
56053695
33129028
26613600
26713816
53084260
34135885
70835952
4524313
89813570
65782168
50648400
58032044
33621636
20757674
72548268
2977568
48114523
66321216
51820663
25163119
6072077
81848831
84679162
67988367
81371660
31607212
35034940
4356956
2869002
31107250
24997430
6109720
78985810
55108407
37241960
4215775
62762355
78545348
90021700
21921266
93104102
96983673
7681656
62109559
277203
24715264
556531
86457692
28812713
74995846
2370356
77621620
29787487
10842842
56620261
70132580
12009850
84840958
91844882
64634592
18468348
68519748
96002107
91703148
41830676
38700781
36077205
97341153
2549965
80273225
11870024
24136959
43339518
70199631
94315316
26043665
97667316
27367114
54922964
2828822
95348507
25316544
33803902
18892552
96772510
69646399
73651837
66188092
50687737
68357044
46911446
53410868
22794554
50819268
70337462
69901198
33230058
62923172
67018668
45590346
39390358
75846598
71099556
10245054
42330285
94329220
13355287
86144734
9088848
64470284
86677687
46694732
59700678
96322934
87197288
55253906
85701114
41832998
24451381
52980253
20023221
31599985
31399180
73531457
33595832
3570793
66708719
5702241
16339201
8625080
49418440
52545189
29259260
96780636
13469941
5256150
21973062
10566224
36134439
54955789
9175703
79272333
73470215
64971182
75749788
39216220
14163500
85833342
15387092
88598014
70474129
83429759
81921931
47327214
39642963
3991092
37138225
7548871
57873819
13801975
71297848
93379121
41241528
37167595
73989636
82234849
40636492
72043883
92126098
54471598
31377448
95759191
56893839
15834573
71172667
40536582
52491857
85589774
43081822
76574366
19037194
48603874
59355650
30972476
56656209
11873349
11253554
15328206
10992457
91389165
77022602
90606055
66662091
87560733
21485549
24709175
49125343
31808687
12676001
86440332
26872321
54930830
84738148
87742313
40330009
86556355
56180527
24307732
67622186
63302900
10767687
71070886
34314262
96089471
58514657
40381217
417422
52529059
98139089
94498295
4159879
50364643
97396522
45643413
42659173
10334003
76097794
33669406
85386697
84476200
30649808
95676903
61476757
79860826
20591907
20794293
75083074
28089972
30876467
4849302
85944627
93800885
42996683
96540920
8643228
15039036
58761342
79065733
19371633
45126623
88729770
26170060
17380065
48399663
46468450
34245185
2345373
57501313
74954499
78363369
73525021
27671506
7616745
80202825
93876745
24383497
94688597
92468525
35512724
73549509
95605767
45229127
11660201
73895666
72704781
90362237
52083883
12229102
47724460
14982226
20047133
35998288
24285820
9563320
44974927
9625678
25435306
28938628
13707055
81948014
74330130
80097480
84817512
17665603
53829318
46965597
42469449
80350528
80153172
71200009
32473327
83245422
30726501
97554712
30482510
16246883
76880689
8018195
17939865
29398816
48641766
78401613
47710309
28887092
65694255
38522976
11475489
12752859
27926999
98301155
359245
1687002
18389835
46865312
71677731
81197715
19150057
48355907
60324237
58798247
87719618
86492069
63417656
82438977
98560006
98526630
81661818
51488562
58121177
18937696
651724
45884421
38691426
80270777
35630845
12731536
33574046
61793850
64453165
23618924
18953140
34710172
932483
32554209
93995340
59782758
46160210
50509755
23989305
48919460
97525939
46361970
46897744
56056708
9997831
47865795
60428654
63431730
34968877
39084494
58884628
13343939
12632603
29071322
28676225
52418846
65757577
99168799
27974630
71327722
8355473
10377606
434482
61305815
28858862
73327689
98978889
4016712
57545607
82163075
55400810
89804216
85174401
50104519
24213140
94021359
13860201
21828459
39043086
63897358
4505274
46789048
18209735
26356090
9839742
96249838
68988518
84215826
67345592
51986908
68622070
10030868
42454205
43747760
64388449
70106130
14122691
4412169
81085513
50700941
53068408
47860377
58224575
14688691
49593708
27037013
13095225
81691821
7670246
52679053
16374227
24638313
33707888
5707005
35264194
92100796
68039180
78131837
23917869
76205303
83739163
46336166
60713341
84569373
58801029
27244282
52368108
72425001
17670870
26245806
84434446
85632994
58949453
72430920
69795377
74528046
65686924
45613317
86826241
62381389
10891107
70981743
68050336
81310329
3803056
20935689
14744449
69792910
56893468
30187302
29889208
57407076
24310372
63005984
22247584
99611895
27602595
25923502
97381138
63056207
11749354
76196783
11421749
15491068
33658616
30094232
24956752
34771515
13662007
36635007
10634426
59066305
86261121
13504963
44252295
22091226
17913095
99025757
70786755
53750464
89088306
23196796
58500305
72732747
26216667
95270014
10636981
10280525
69943746
49410937
23103427
82901830
33526453
73360803
36753591
31068535
73436196
62167446
70351237
61509879
87058651
96718903
64304656
15279119
85576884
67481759
43773949
65698831
11386642
61764254
17832180
86778705
86679377
61698408
76916235
97179348
10569407
84492102
38806755
20309275
19757525
11012615
98230538
97031332
83306060
57909449
68281172
21917331
98191290
71066313
16999475
49531827
96699006
24696132
9370623
62152167
73224046
74312717
75299725
3573613
15132796
94771986
27719528
96344497
5295798
41852385
74948487
60833970
86615156
83308846
59010489
63096331
75013017
58930086
39548518
65598003